100
59 44
9 23
84 68
36 93
87 9
34 16
40 98
72 43
0 60
64 90
11 8
46 7
33 54
23 84
67 18
34 93
19 25
14 9
70 64
58 50
5 78
95 39
38 54
50 73
48 46
64 4
39 28
79 30
61 36
28 50
51 91
68 59
14 9
94 87
68 29
12 91
2 22
25 16
11 57
3 51
13 52
9 76
58 18
40 39
32 89
9 92
36 14
82 13
10 25
96 97
20 21
40 91
33 31
72 74
41 24
90 20
4 44
54 22
43 59
3 70
94 16
94 54
14 40
37 0
88 55
80 25
37 64
87 47
18 68
DEMAND_SECTION Best value: 1168
0 
2 
1 
6 
9 
16 
5 
3 
9 
12 
1 
1 
18 
10 
5 
5 
9 
16 
12 
6 
6 
20 
23 
39 
17 
8 
2 
13 
17 
3 
2 
7 
23 
10 
7 
12 
20 
13 
21 
25 
5 
4 
13 
12 
23 
19 
10 
7 
15 
5 
15 
13 
30 
15 
7 
9 
23 
8 
5 
8 
25 
12 
25 
24 
8 
22 
7 
24 
18 